835670
430090
300700
300436
688022
300546
300479
300479
300248
300204
300075
300047
300199
300199
300182
300182
834021
300531
688201
300428
300683
300212
300738
688159
688168
300663
300504
832171
300452
600790
002178
002693
002494
000836
600965
002642
002898
603123
603123
600880
600880
603138
002317
002317
002336
600645
600645
603466
002976
002649
605116
002432
603895
601929
601929
003040
002987
002933
002177
002048
000953
000810
000810
000665
000665
002191
002550
002550
002101
002196
002908
002349
002349
002702
002246
002246
603183
600986
600986
300398
300398
300058
300860
300094
300094
688195
688118
688118
002603
603508
300645
688369
300516
000681
300170
300337
603399
300164
603035
603035
300590
600571
300231
300231
300287
603477
300659
603956
300344
000948
603927
300377
300377
300250
600866
300292
600429
002937
300730
300887
603920
300556
600114
300674
601199
000892
002063
600602
300799
002769
605128
300818
300542
603856
300021
600288
600288
300497
002354
300512
300512
002903
600072
002318
002115
836826
836826
000062
300277
600992
300275
000997
002117
002480
002253
300466
002723
300154
603969
600654
603101
000887
300692
300045
002188
000032
600839
002152
300525
600355
603081
603848
603289
002474
600770
603118
300150
833509
300928
603825
300310
300949
300609
000778
002059
002059
688658
300306
603220
300902
300532
603596
600476
300795
300795
300826
603936
605289
605168
300161
002629
300515
000428
000719
000719
300570
600391
300259
300259
002148
300291
000056
603859
603200
300585
600064
300611
831726
603383
300939
000533
603112
600812
300371
830946
600714
600961
603011
002703
300032
300301
300591
002849
000777
000917
002537
002537
601999
603365
300612
300155
002031
300412
300279
000925
300049
300072
688323
603179
002370
688655
603031
002490
300797
688377
688377
002247
002972
002972
000607
000607
000593
300943
002899
300847
300181
000007
600668
600313
002735
603786
601890
603320
002144
300793
000915
300099
002339
603095
300838
600818
300106
300557
603278
300251
603607
002190
605151
600158
603778
603229
600229
002232
000929
000065
300354
002034
002347
002441
600757
002840
300407
300407
300229
300229
000430
600135
300781
300086
603662
002300
300056
600099
600116
002971
603012
600558
002561
002173
603836
000819
603648
002134
300749
600576
603303
603303
000920
600301
600148
300018
300018
600262
603009
000893
300321
002545
600302
002365
603903
300538
002888
603189
603189
603196
300022
605366
300583
002573
603798
002328
002660
600774
000680
605319
000521
002029
300430
000592
000888
603268
000906
600217
601515
601515
836263
300355
601928
600202
600202
300425
002920
002920
837344
688123
600771
002871
002337
600605
300213
603266
600128
600216
603177
603177
002445
300439
300439
600718
600718
002910
300481
600062
603585
002666
603169
603776
003013
003013
300650
600084
600403
600477
300665
600423
600566
600550
300374
300004
002963
000707
600568
600351
600351
002037
000530
000530
000756
600300
002839
600137
300539
300026
600082
300487
000905
600371
603117
603117
002878
300257
600358
300519
603001
000757
603861
002066
600539
603023
002863
002863
600248
600329
600233
300596
300596
600724
600724
688312
600343
605318
605488
000506
000506
603777
002540
600180
300917
601390
600520
600578
603967
002510
000795
601038
600493
002342
000565
600512
601010
002590
600055
000716
603389
002244
002020
300232
300232
600368
688569
000989
000900
688520
603580
002469
002243
600059
603908
002921
002921
600303
600303
603357
600249
601518
002374
002345
600722
000753
603633
002098
300837
601399
605007
000561
603066
603066
600803
000557
600560
002492
603335
600029
002112
002112
002327
600085
688026
000970
300636
003020
603269
603227
603227
601299
600991
600847
600840
600832
600832
600815
600786
600775
600775
600768
600716
600713
600632
600631
600608
600591
600553
600386
600386
600370
600296
600270
600263
600205
600068
600068
300261
300261
300029
002932
002932
002554
002263
002061
002061
002021
000921
000812
000787
000787
000780
000637
000602
000562
000562
000552
000549
000542
000542
000090
000024
002995
600962
600573
603197
600235
002817
000782
603199
002671
601107
002566
300389
300389
000705
000531
605060
002433
300765
688517
000595
603687
002737
603703
002043
002728
002728
600272
600272
600312
600312
605377
605377
688513
688513
600052
600052
603626
002154
002750
002750
603506
002758
000573
000715
002656
000409
600200
601328
000679
002140
600192
600129
603339
002513
603968
600252
002265
002829
002275
000543
600750
601798
600162
600162
600765
601068
600405
603818
600557
600396
002633
000554
000554
000729
603577
603577
600463
600106
600227
300239
603311
603323
603323
300255
300255
000498
000498
603739
000919
603336
000809
600698
605003
600735
002645
603896
002166
002166
600285
600467
600467
002826
002259
000429
603299
600502
600502
002726
000897
002843
002843
603966
600361
605108
300381
600220
300478
600159
002062
000985
600505
002287
300341
300341
000838
000558
000558
002004
600283
600444
300158
000650
002030
600501
002443
300434
002476
002515
000767
002682
600255
600860
300039
002552
000419
000419
600479
002082
002864
605050
002644
600097
600097
300247
002539
002742
688196
600195
000597
600993
300111
600594
603617
600599
605369
605369
600767
000999
000539
600861
600422
600353
603139
000790
002665
002873
002873
300942
605118
002213
002213
603676
600420
000833
002613
002613
002639
600257
600257
603616
300272
601700
603168
000622
600769
600381
603309
300318
600080
603108
002770
002907
603058
600365
002086
000509
836433
603997
300289
300289
300534
600976
002879
300501
300501
600530
600530
002584
002584
603829
603829
300165
300165
002694
002694
600807
002943
603333
688068
688298
688298
